75
5
0 0 0 0 0 0 0 0
0 0 1 0 0 0 0 0
0 0 0 3 0 0 0 0
0 0 0 0 3 0 0 0
0 0 0 9 4 0 0 0
0 0 0 0 0 0 0 0
0 0 0 0 0 0 0 0
0 0 0 0 0 0 0 0
10
0 0 0 0 10 0 0 0
0 0 0 0 9 0 0 0
0 0 2 1 8 0 0 0
0 0 3 0 7 0 0 0
0 0 4 5 6 0 0 0
0 0 0 0 0 0 0 0
0 0 0 0 0 0 0 0
0 0 0 0 0 0 0 0
10
54 94 40 98 42 75 100 81
72 82 98 64 85 100 54 62
31 80 51 95 98 60 89 56
65 59 68 80 77 80 52 58
37 66 69 42 33 91 68 54
88 49 91 81 62 47 100 60
99 54 98 36 66 89 87 59
59 95 90 91 82 56 65 75
10
59 44 85 23 22 64 91 79
96 91 55 100 91 68 17 51
68 86 86 16 28 25 66 35
31 60 22 98 47 69 0 58
24 72 72 13 61 83 51 51
26 2 60 12 3 11 84 86
23 33 36 12 62 89 73 3
82 74 43 58 51 22 22 16
1
2 31 10 54 99 53 6 39
5 56 95 37 11 78 58 87
96 74 80 32 73 61 48 88
71 18 56 79 29 61 29 12
52 23 16 9 24 58 51 41
47 71 73 88 4 42 58 48
3 41 83 68 93 58 64 95
38 39 72 28 85 63 58 88
0
85 13 72 87 78 49 71 49
88 81 75 91 25 30 24 2
47 17 24 13 70 80 82 71
68 74 15 1 28 26 99 97
5 48 80 100 6 64 49 86
54 64 65 31 55 21 58 31
65 28 44 66 93 1 6 59
83 25 65 59 72 58 1 53
0
52 37 43 4 23 55 74 19
51 84 97 68 28 76 82 21
34 43 6 46 48 43 44 72
64 70 31 0 54 61 16 9
43 23 73 89 94 55 99 25
72 58 86 28 9 93 45 61
6 34 16 86 79 1 12 42
37 74 44 17 7 37 78 75
6
23 30 80 17 5 84 49 6
2 37 96 24 54 16 75 33
28 42 25 12 2 4 3 47
66 18 24 21 73 44 78 100
96 24 46 85 28 67 1 52
14 11 11 0 16 48 25 79
29 25 51 6 25 81 64 48
63 39 86 1 0 71 39 43
6
15 100 6 97 52 79 51 72
63 71 6 95 94 6 9 40
90 71 61 21 63 45 89 63
38 7 81 92 82 95 79 25
28 12 89 38 34 35 38 77
47 82 0 57 69 43 61 96
90 20 47 68 99 33 69 62
78 28 23 92 68 64 39 94
6
95 31 64 66 41 80 68 89
70 4 47 64 10 39 6 51
47 93 76 68 52 54 4 12
55 26 61 18 91 10 4 93
21 81 93 30 68 37 81 54
43 9 92 19 69 20 36 76
10 0 83 40 35 54 64 83
98 29 75 49 57 17 72 92
9
56 1 59 85 20 2 5 8
74 64 79 82 30 51 0 22
16 31 91 32 1 95 86 70
91 17 94 12 40 71 86 35
38 28 53 52 95 84 43 26
91 99 64 53 77 97 47 85
62 25 16 33 98 37 14 72
79 46 16 37 49 64 94 44
5
47 11 94 45 39 18 75 39
39 39 43 33 59 46 55 54
81 16 30 17 35 43 43 87
11 97 50 46 19 29 65 9
89 40 60 70 41 28 5 21
27 29 3 15 15 0 42 25
83 8 41 23 46 8 6 66
83 67 60 88 59 94 42 65
2
29 18 92 71 4 76 29 87
53 31 100 30 93 42 23 70
44 58 27 83 71 66 20 59
18 54 45 66 5 87 74 4
71 47 53 53 28 80 79 98
86 33 3 44 7 24 18 62
21 93 2 85 9 78 75 25
63 64 52 21 63 30 79 41
4
41 21 60 7 11 3 24 61
45 11 83 87 98 52 79 96
22 13 99 59 34 54 19 64
76 53 5 36 78 97 24 48
12 57 92 33 7 43 60 79
33 91 15 40 22 96 38 28
93 54 79 54 21 88 17 86
75 3 51 9 70 94 92 82
7
65 29 76 75 34 0 13 79
92 31 22 11 50 4 32 82
40 95 6 52 100 26 52 6
77 66 4 81 35 38 56 48
46 60 34 5 93 4 57 8
2 9 57 1 21 94 79 68
80 66 60 87 24 64 18 5
13 52 58 65 56 36 91 94
4
83 36 44 21 71 77 84 84
37 74 46 38 91 78 18 95
66 15 48 100 13 50 70 22
11 48 92 45 26 59 49 53
42 4 69 61 7 23 64 65
79 49 21 11 18 54 75 20
54 59 27 34 58 88 8 52
82 11 46 21 18 25 63 74
2
23 32 22 96 66 93 47 2
90 47 37 25 90 42 90 48
4 25 1 34 53 68 7 11
72 38 76 3 34 48 50 42
35 46 21 58 75 59 8 58
72 49 35 92 97 28 66 47
63 74 54 57 98 91 46 73
51 49 25 6 93 12 4 31
9
93 81 72 97 92 45 8 69
17 9 18 95 54 55 39 93
69 59 67 33 96 50 66 82
21 17 83 0 1 88 52 44
13 52 83 8 12 12 44 79
60 70 1 84 92 0 22 54
74 18 19 81 87 14 89 46
48 17 89 96 100 10 72 63
8
78 54 68 63 1 20 72 53
72 89 47 27 95 5 97 8
53 86 78 44 98 90 55 43
50 65 93 80 83 3 59 3
73 97 77 33 93 84 69 31
24 18 32 26 99 35 97 9
94 73 91 88 6 35 66 44
83 26 69 50 60 2 27 21
5
27 100 43 32 45 47 63 50
89 45 89 90 52 90 40 8
84 80 18 67 16 23 60 42
93 0 74 67 93 71 92 61
74 6 80 92 76 0 32 7
55 98 0 44 53 46 63 42
63 99 29 95 1 82 87 24
1 22 59 87 9 73 68 83
5
64 42 16 21 29 17 71 37
37 18 7 46 23 77 74 22
91 64 21 2 53 67 15 55
8 24 99 10 8 74 73 46
11 10 89 74 60 65 0 90
58 13 15 73 10 79 42 72
1 43 22 18 25 83 70 17
57 58 13 67 76 32 84 91
10
26 17 89 82 93 75 3 27
10 23 68 68 17 12 44 4
39 30 87 17 65 62 86 79
22 93 16 37 37 78 28 22
58 3 32 22 67 12 16 29
92 24 38 75 77 2 18 73
56 50 83 35 96 68 98 32
96 63 4 81 46 24 30 52
2
35 67 38 30 87 15 61 61
8 91 83 82 31 70 91 84
28 100 60 61 86 25 31 16
14 23 51 25 89 64 12 90
90 5 38 9 66 14 68 3
45 42 12 39 58 55 49 60
87 67 39 37 82 68 26 26
97 26 75 53 50 21 66 19
7
39 1 35 45 61 79 8 73
43 9 63 65 91 86 78 22
82 83 87 44 66 91 28 62
85 53 24 51 1 55 38 90
63 44 80 71 12 68 27 73
23 26 66 40 26 1 63 52
57 85 55 0 75 21 5 76
52 48 63 45 18 92 47 82
10
100 80 57 82 91 8 32 40
55 9 44 55 88 61 4 41
92 13 3 97 43 16 74 98
1 3 95 58 61 82 43 15
33 95 27 46 47 54 4 25
49 15 60 44 70 3 23 85
63 2 48 80 49 92 50 56
15 28 22 65 20 96 33 86
2
58 11 27 9 51 38 30 4
66 70 6 94 75 42 52 2
22 94 32 64 3 30 39 3
59 66 7 12 18 24 42 80
35 45 71 93 44 7 72 93
7 17 94 20 59 12 44 96
13 47 33 92 34 2 63 60
36 48 12 35 80 87 31 1
2
14 60 76 26 96 40 86 1
96 89 73 29 69 99 37 35
86 6 64 90 7 50 77 74
96 33 61 63 74 31 60 75
36 100 3 5 58 41 34 85
11 31 57 40 39 5 8 56
42 50 74 46 18 99 73 78
40 0 15 30 84 42 87 95
6
95 76 89 71 74 68 70 18
68 28 32 67 90 76 72 28
22 30 33 68 61 67 4 21
65 73 76 79 31 68 0 83
71 46 69 22 30 20 95 28
4 36 12 81 55 68 85 50
29 51 86 50 1 44 53 47
90 2 15 52 60 98 20 97
5
12 2 28 7 74 49 13 49
16 38 34 54 9 59 4 24
24 77 61 55 18 93 98 43
75 41 54 68 9 20 6 32
46 19 47 7 29 37 99 97
60 46 65 20 3 83 28 53
52 8 72 28 56 88 2 93
84 80 62 78 52 34 9 27
6
29 94 42 95 26 36 90 58
57 52 66 71 3 58 100 68
48 94 41 41 2 74 80 22
9 46 83 70 71 62 94 68
53 22 63 65 97 8 35 1
18 3 62 62 98 13 86 85
97 56 12 22 94 76 23 80
87 42 85 65 11 92 35 78
6
67 38 22 82 46 62 43 25
68 64 2 56 96 69 31 1
88 10 38 85 86 70 24 98
91 63 32 8 19 61 14 22
54 43 64 68 37 88 56 81
70 82 44 64 37 24 88 99
11 88 29 65 53 7 43 46
84 50 5 11 90 42 73 13
8
62 44 55 23 12 56 65 83
57 43 32 98 68 99 33 30
13 54 98 17 98 62 79 3
68 16 63 5 70 64 81 80
50 44 12 17 44 79 11 86
62 80 24 48 13 59 6 79
92 30 24 100 57 93 32 79
82 24 19 86 79 32 59 48
8
61 23 9 15 64 30 86 60
7 29 72 22 40 10 82 39
80 13 75 38 29 64 57 74
92 47 74 8 16 9 90 97
59 64 57 3 20 29 36 97
12 2 80 77 61 13 86 48
65 31 90 25 34 63 36 34
69 97 82 94 28 55 94 51
1
36 71 11 65 56 48 16 59
56 78 82 29 67 5 80 24
96 29 81 39 45 12 46 60
30 91 29 46 11 63 86 26
31 81 77 15 2 20 75 21
4 51 21 92 3 94 82 73
18 58 95 7 35 5 11 56
68 69 61 28 17 3 99 66
4
62 11 17 93 16 82 69 71
67 44 26 50 0 53 34 93
47 39 10 25 54 41 86 97
60 22 34 90 63 15 41 28
74 12 30 75 44 65 63 46
24 81 9 99 29 13 30 78
41 22 24 91 9 59 71 54
21 20 76 13 51 47 36 93
7
19 75 59 90 1 78 69 88
37 19 64 8 86 79 22 79
62 22 79 37 27 99 99 93
47 0 21 33 77 13 88 2
22 42 56 17 78 36 68 82
36 86 95 89 36 43 49 14
77 35 64 14 54 24 51 87
32 73 3 91 13 44 57 53
5
68 33 93 74 34 21 47 94
17 3 64 52 92 87 36 67
90 99 70 63 67 0 42 87
24 22 38 75 1 41 73 27
66 37 3 73 78 45 5 46
20 91 51 84 39 24 14 60
78 32 87 73 99 1 65 97
3 1 49 10 73 25 51 2
4
62 38 43 75 25 91 49 82
79 88 76 36 44 5 25 99
69 13 73 92 82 64 97 56
4 40 43 30 87 41 94 81
94 63 69 78 57 39 48 2
80 94 93 41 48 29 33 67
14 74 39 26 30 79 67 2
21 84 93 20 61 98 2 12
6
83 51 45 56 22 36 31 67
48 21 99 64 1 47 98 69
44 82 92 33 65 76 90 58
96 14 78 14 83 63 80 17
84 29 87 42 9 7 11 23
97 54 41 42 2 57 57 4
10 39 16 30 38 79 30 60
48 88 60 29 76 82 85 65
6
8 27 63 65 65 91 18 78
3 99 59 100 53 49 26 8
63 16 40 12 64 89 89 79
50 9 27 23 75 76 72 46
100 21 87 44 64 96 61 72
62 94 56 7 97 12 85 21
48 82 49 94 16 86 100 72
89 93 46 91 5 15 1 17
3
86 78 93 32 82 91 45 67
40 85 8 75 7 0 63 93
78 98 2 99 80 51 63 99
10 49 23 46 2 37 4 31
85 98 76 70 90 2 80 45
71 9 34 80 59 77 6 70
86 29 50 56 39 32 82 76
18 19 3 76 71 12 16 36
8
91 15 53 16 77 59 18 34
90 46 76 50 92 13 89 18
42 14 62 25 3 90 73 77
60 56 6 70 53 27 41 53
2 46 17 13 50 15 100 41
22 44 86 100 10 96 8 50
34 69 53 24 80 19 20 14
43 86 1 43 29 17 77 4
2
90 51 44 18 58 47 63 31
71 70 4 7 13 39 56 48
0 51 99 93 6 54 26 25
48 66 79 45 1 23 51 45
52 26 65 79 72 39 39 42
14 21 53 83 83 93 53 79
99 66 85 3 91 58 17 22
71 56 40 36 27 66 65 15
4
79 25 48 25 77 29 40 69
90 4 15 42 60 100 15 90
80 44 89 16 27 7 77 36
99 67 48 57 18 19 34 71
90 39 73 76 39 93 57 0
90 83 46 29 98 20 8 34
90 56 76 94 43 18 88 66
93 74 16 87 37 1 13 93
9
62 93 32 70 96 93 33 92
25 65 22 10 53 78 57 96
68 89 63 64 28 62 24 91
35 56 51 75 73 85 29 41
43 90 2 9 48 8 37 17
18 89 53 50 70 6 55 6
59 74 17 35 32 66 42 91
7 64 64 37 88 98 80 25
9
28 37 97 15 85 7 71 89
56 55 99 39 77 14 100 81
70 68 7 78 3 61 79 7
89 44 5 52 54 32 55 58
80 24 86 43 20 48 43 74
68 78 4 26 93 68 27 94
61 25 9 2 47 100 19 58
17 78 41 48 87 1 36 50
7
11 11 2 71 41 26 89 89
74 38 51 15 49 24 65 74
20 84 64 9 27 3 97 63
12 35 69 74 70 40 69 25
54 86 3 53 71 28 14 96
27 51 19 32 71 42 95 15
14 74 33 55 25 21 81 6
93 25 96 9 12 42 70 33
9
89 82 98 61 34 53 25 97
64 69 64 51 52 82 11 64
24 18 86 42 21 9 87 32
88 88 98 13 70 68 29 35
54 36 68 50 59 80 91 78
61 56 73 60 83 12 47 70
75 94 1 36 80 71 38 76
73 28 77 18 78 14 37 62
10
73 80 49 73 21 68 95 10
73 30 42 15 80 58 64 75
28 72 94 46 77 47 76 17
94 6 1 50 24 36 36 3
19 85 16 41 62 59 67 4
22 74 48 91 84 94 31 18
0 91 66 13 27 83 91 79
69 98 84 93 88 47 9 35
1
9 96 85 54 73 28 9 48
59 45 96 35 40 85 70 5
73 49 68 45 28 81 1 61
75 52 81 15 1 52 45 18
60 60 41 39 97 27 8 97
74 16 92 11 68 11 24 57
27 10 88 22 46 54 51 32
98 68 37 85 31 66 6 19
10
100 1 39 13 100 19 21 32
25 30 17 42 52 22 75 38
18 50 93 67 38 91 56 60
26 32 73 97 39 93 66 49
53 86 76 17 6 93 45 16
52 29 14 59 47 62 70 92
45 78 68 50 40 11 27 41
46 62 61 95 84 13 4 84
10
25 80 79 18 50 98 18 37
72 33 8 49 60 60 78 49
74 79 17 54 21 85 52 23
64 54 16 85 78 99 13 82
5 53 39 69 23 87 22 5
32 9 49 3 88 93 44 30
87 98 49 93 36 72 99 58
37 85 85 1 91 96 27 76
0
22 61 52 70 63 3 34 98
50 55 71 17 37 96 37 8
0 2 16 30 64 19 84 100
39 86 77 10 48 25 100 65
27 86 60 72 14 71 17 48
39 65 46 46 31 87 79 39
0 29 76 29 62 78 86 8
44 55 24 46 53 43 24 36
8
17 43 49 16 34 46 87 89
75 72 67 58 31 49 3 6
42 80 76 87 84 86 42 47
79 100 48 91 19 7 26 16
18 60 35 42 69 8 36 0
9 61 88 90 37 58 42 55
59 94 86 59 4 9 25 99
18 1 72 65 98 30 62 26
3
12 86 92 89 95 51 33 8
97 20 36 26 0 7 35 74
6 72 53 6 43 3 8 3
76 7 65 4 4 100 38 35
33 50 23 14 22 71 22 61
77 28 42 18 32 50 25 91
30 75 88 44 2 77 28 20
42 99 38 10 55 39 38 71
10
31 28 15 36 94 56 53 96
68 57 20 9 55 18 23 97
89 32 64 20 8 47 49 100
12 39 35 46 62 85 48 10
31 35 81 57 34 88 20 87
59 59 55 71 22 99 84 62
3 44 65 46 3 76 62 98
30 85 86 60 60 78 34 80
7
97 67 50 4 9 56 68 74
19 63 47 87 20 62 50 45
55 95 10 86 79 57 63 53
9 8 99 24 70 3 75 31
61 86 97 55 79 87 68 56
30 27 4 15 26 41 22 7
63 35 55 50 58 61 71 15
95 5 89 34 76 70 32 46
10
46 30 12 25 50 67 96 68
85 22 27 90 79 22 3 80
27 65 85 49 48 56 90 38
81 45 87 35 71 27 41 26
78 6 2 86 71 19 96 62
15 34 46 31 17 11 27 47
74 3 47 64 21 17 51 81
59 86 25 77 81 47 42 85
3
33 100 90 68 95 97 85 39
16 24 25 28 74 97 1 58
71 1 41 72 15 3 91 22
33 43 82 8 4 98 34 51
93 51 45 33 36 33 54 77
22 65 84 85 12 81 62 54
77 45 18 83 42 20 85 56
41 13 1 21 68 72 51 43
1
7 46 40 21 3 59 53 11
5 24 47 65 54 7 0 62
4 72 91 21 60 13 53 66
6 7 45 36 29 92 46 64
84 65 93 82 100 43 76 59
15 33 36 54 81 89 63 44
100 31 81 56 8 36 25 28
6 74 84 79 40 59 75 61
0
47 43 78 58 45 95 85 42
10 79 48 18 23 77 8 34
97 14 20 32 27 1 94 47
26 80 29 92 10 57 95 7
34 23 38 56 17 27 32 36
95 61 91 6 83 97 7 26
71 4 17 78 37 53 54 26
74 57 6 57 92 10 100 77
3
78 86 82 69 82 15 12 17
70 76 4 61 12 63 59 66
25 37 86 74 78 2 6 14
96 50 87 79 15 50 84 9
37 97 51 11 29 88 69 0
96 25 42 2 36 99 58 90
50 91 22 65 99 4 48 25
30 8 83 90 89 76 66 18
3
50 22 16 70 77 61 83 99
61 84 22 65 35 5 73 47
100 32 53 72 36 46 61 38
9 29 43 74 12 70 96 69
10 66 42 91 34 18 84 73
67 10 29 45 87 72 5 34
68 66 94 41 23 22 34 32
53 61 74 89 22 54 32 11
1
42 97 6 36 0 47 49 19
15 84 43 99 72 21 42 60
29 61 46 84 62 42 57 10
48 20 17 65 52 59 74 93
2 62 21 7 14 10 7 47
67 97 91 49 31 79 3 55
9 84 76 46 34 87 43 16
95 3 46 31 55 30 64 23
0
47 74 22 47 74 45 63 19
19 79 80 94 40 87 89 80
6 32 53 73 47 59 75 45
57 69 84 13 81 44 42 19
43 54 76 43 0 95 72 46
22 11 2 94 62 61 13 27
58 64 40 38 82 93 98 42
68 71 6 2 33 28 43 77
10
82 54 75 17 0 29 66 94
53 42 81 98 46 72 0 16
30 82 73 21 0 40 67 40
94 9 16 33 57 58 31 48
87 9 39 86 58 49 3 70
1 82 45 18 15 60 92 69
77 63 11 10 63 47 32 16
54 72 77 54 27 28 64 38
10
57 45 92 63 92 9 70 59
63 17 13 28 60 67 80 18
93 79 76 95 64 63 38 54
80 87 90 70 83 67 90 23
24 23 25 97 1 4 36 74
2 19 43 49 34 63 15 100
39 66 39 17 70 59 18 13
44 71 45 59 70 49 19 62
10
97 2 84 23 26 92 15 61
17 49 64 20 43 98 1 53
86 30 59 96 58 58 65 69
40 19 1 53 80 64 59 48
88 48 73 5 83 99 40 9
97 86 47 48 69 96 62 36
60 93 89 81 100 28 8 19
78 19 46 92 45 66 87 67
10
26 78 12 7 28 9 85 58
56 38 24 19 66 97 78 69
13 80 98 16 25 39 16 88
90 15 86 91 29 58 90 56
65 79 77 14 99 0 28 37
24 37 93 4 78 70 9 61
82 83 75 70 12 53 46 21
40 68 52 91 16 49 82 54
10
27 7 97 65 74 68 26 34
36 74 90 16 51 58 4 99
41 95 81 81 69 47 23 45
84 58 2 72 40 86 61 7
18 93 46 14 97 94 19 11
78 82 28 4 77 17 26 32
16 65 69 43 99 43 97 7
54 60 70 69 77 10 27 42
10
60 60 60 60 60 60 60 60
60 60 60 60 60 60 60 60
60 60 60 60 60 60 60 60
60 60 60 60 60 60 60 60
60 60 60 60 60 56 60 60
60 60 60 60 60 60 60 60
60 60 60 60 60 60 60 60
52 60 60 60 60 60 60 60
10
83 83 83 83 83 83 83 83
83 83 83 82 83 83 83 83
83 83 83 82 83 83 83 83
83 83 83 83 83 83 83 83
83 83 83 83 83 83 83 83
83 83 83 83 83 83 83 83
83 83 77 83 83 83 83 81
83 83 83 83 83 83 83 83
10
99 99 99 90 99 99 99 99
99 99 99 99 92 99 99 99
99 99 99 99 99 92 99 99
99 99 99 99 98 99 99 99
99 99 99 99 99 99 91 96
99 99 99 99 99 99 99 99
99 94 99 99 99 99 99 99
99 99 99 99 99 91 99 99
10
67 67 67 67 67 67 67 67
67 67 67 67 67 67 57 67
67 67 67 67 67 67 67 67
67 67 67 67 67 67 67 67
67 67 67 67 67 67 67 67
67 67 67 67 67 67 67 67
67 67 67 67 67 64 67 67
67 66 67 67 67 67 67 67
10
66 66 66 66 66 66 66 66
66 66 66 66 66 65 66 66
66 66 66 66 66 66 66 66
66 66 66 66 66 65 66 66
66 66 66 66 66 66 66 66
66 66 66 66 66 66 66 66
66 66 66 66 66 66 66 66
66 66 66 66 66 66 66 66
